Hand,Win %,Tie %,Loss %
2h 2d,48.0,2.2,49.8
2h 2c,49.2,1.0,49.8
2h 2s,50.4,2.0,47.6
2h 3h,34.8,4.8,60.4
2h 3d,28.2,6.4,65.4
2h 3c,30.8,6.2,63.0
2h 3s,33.4,5.8,60.8
2h 4h,31.8,5.8,62.4
2h 4d,31.2,8.6,60.2
2h 4c,31.0,6.8,62.2
2h 4s,29.8,4.6,65.6
2h 5h,34.6,6.0,59.4
2h 5d,27.2,9.8,63.0
2h 5c,31.6,5.6,62.8
2h 5s,32.8,4.6,62.6
2h 6h,34.4,5.4,60.2
2h 6d,32.4,5.8,61.8
2h 6c,32.6,3.4,64.0
2h 6s,33.4,5.8,60.8
2h 7h,34.6,5.0,60.4
2h 7d,33.6,5.4,61.0
2h 7c,31.6,7.6,60.8
2h 7s,31.4,5.6,63.0
2h 8h,40.6,5.0,54.4
2h 8d,34.6,6.6,58.8
2h 8c,37.2,3.6,59.2
2h 8s,33.4,6.0,60.6
2h 9h,36.4,4.8,58.8
2h 9d,38.6,7.2,54.2
2h 9c,37.6,4.0,58.4
2h 9s,36.6,5.8,57.6
2h Th,47.4,2.2,50.4
2h Td,38.6,3.4,58.0
2h Tc,38.8,5.4,55.8
2h Ts,39.4,4.6,56.0
2h Jh,44.6,3.6,51.8
2h Jd,42.0,4.2,53.8
2h Jc,45.8,3.8,50.4
2h Js,44.6,4.2,51.2
2h Qh,45.0,5.2,49.8
2h Qd,46.2,5.6,48.2
2h Qc,43.2,6.0,50.8
2h Qs,46.2,2.6,51.2
2h Kh,47.2,4.0,48.8
2h Kd,46.6,3.6,49.8
2h Kc,50.4,5.4,44.2
2h Ks,52.2,3.6,44.2
2h Ah,54.8,4.2,41.0
2h Ad,51.6,3.4,45.0
2h Ac,51.8,4.2,44.0
2h As,51.0,3.8,45.2
2d 2c,48.4,1.6,50.0
2d 2s,45.0,3.2,51.8
2d 3h,26.4,6.0,67.6
2d 3d,32.6,5.2,62.2
2d 3c,27.8,7.0,65.2
2d 3s,28.4,6.8,64.8
2d 4h,29.8,6.2,64.0
2d 4d,36.6,6.0,57.4
2d 4c,29.4,5.4,65.2
2d 4s,31.0,7.6,61.4
2d 5h,27.4,7.2,65.4
2d 5d,35.4,5.2,59.4
2d 5c,34.8,6.2,59.0
2d 5s,33.4,8.2,58.4
2d 6h,31.8,5.6,62.6
2d 6d,34.8,5.0,60.2
2d 6c,30.4,6.6,63.0
2d 6s,32.4,5.0,62.6
2d 7h,31.8,6.8,61.4
2d 7d,33.2,6.6,60.2
2d 7c,30.8,5.0,64.2
2d 7s,32.8,5.8,61.4
2d 8h,32.6,4.8,62.6
2d 8d,39.8,5.8,54.4
2d 8c,31.6,5.4,63.0
2d 8s,35.0,6.0,59.0
2d 9h,32.4,7.2,60.4
2d 9d,37.4,3.4,59.2
2d 9c,38.0,5.2,56.8
2d 9s,38.0,4.6,57.4
2d Th,40.2,4.6,55.2
2d Td,42.0,4.2,53.8
2d Tc,38.4,5.6,56.0
2d Ts,38.2,2.8,59.0
2d Jh,42.4,4.0,53.6
2d Jd,43.6,3.8,52.6
2d Jc,41.6,4.6,53.8
2d Js,45.8,4.0,50.2
2d Qh,46.6,4.0,49.4
2d Qd,48.0,2.0,50.0
2d Qc,42.8,4.0,53.2
2d Qs,46.8,5.0,48.2
2d Kh,45.4,3.8,50.8
2d Kd,51.8,6.0,42.2
2d Kc,50.2,4.0,45.8
2d Ks,49.6,4.8,45.6
2d Ah,55.0,4.2,40.8
2d Ad,55.6,4.2,40.2
2d Ac,50.6,4.4,45.0
2d As,54.4,3.6,42.0
2c 2s,50.0,2.6,47.4
2c 3h,29.8,7.2,63.0
2c 3d,31.8,5.8,62.4
2c 3c,31.0,5.6,63.4
2c 3s,28.2,7.4,64.4
2c 4h,30.0,6.4,63.6
2c 4d,32.8,5.6,61.6
2c 4c,32.2,6.0,61.8
2c 4s,32.6,5.4,62.0
2c 5h,32.2,6.2,61.6
2c 5d,30.4,5.8,63.8
2c 5c,35.4,5.2,59.4
2c 5s,35.2,6.6,58.2
2c 6h,30.2,4.6,65.2
2c 6d,31.6,5.4,63.0
2c 6c,34.2,4.4,61.4
2c 6s,32.8,5.8,61.4
2c 7h,29.6,8.6,61.8
2c 7d,35.0,4.6,60.4
2c 7c,35.4,5.6,59.0
2c 7s,29.8,5.6,64.6
2c 8h,33.6,5.6,60.8
2c 8d,34.6,3.2,62.2
2c 8c,35.2,4.0,60.8
2c 8s,32.6,5.8,61.6
2c 9h,34.4,3.4,62.2
2c 9d,36.4,4.4,59.2
2c 9c,44.2,4.6,51.2
2c 9s,39.4,6.0,54.6
2c Th,38.2,5.2,56.6
2c Td,43.6,5.8,50.6
2c Tc,41.4,3.8,54.8
2c Ts,39.6,5.0,55.4
2c Jh,41.2,4.4,54.4
2c Jd,42.0,5.0,53.0
2c Jc,44.4,4.2,51.4
2c Js,41.2,3.4,55.4
2c Qh,44.0,2.8,53.2
2c Qd,45.2,5.0,49.8
2c Qc,49.0,4.2,46.8
2c Qs,46.4,6.8,46.8
2c Kh,48.0,4.4,47.6
2c Kd,52.8,4.2,43.0
2c Kc,54.8,3.8,41.4
2c Ks,46.6,5.2,48.2
2c Ah,55.4,3.0,41.6
2c Ad,56.6,4.0,39.4
2c Ac,57.2,4.6,38.2
2c As,55.0,2.4,42.6
2s 3h,28.2,6.4,65.4
2s 3d,27.4,4.0,68.6
2s 3c,27.8,6.0,66.2
2s 3s,35.0,5.6,59.4
2s 4h,28.2,7.0,64.8
2s 4d,29.6,4.6,65.8
2s 4c,33.8,6.8,59.4
2s 4s,32.8,5.8,61.4
2s 5h,30.6,5.0,64.4
2s 5d,30.8,3.8,65.4
2s 5c,28.8,6.8,64.4
2s 5s,35.8,6.6,57.6
2s 6h,33.2,5.8,61.0
2s 6d,30.8,6.4,62.8
2s 6c,34.0,5.6,60.4
2s 6s,32.0,6.6,61.4
2s 7h,33.2,5.8,61.0
2s 7d,32.6,6.0,61.4
2s 7c,31.4,4.6,64.0
2s 7s,35.8,5.6,58.6
2s 8h,34.6,5.2,60.2
2s 8d,35.0,6.0,59.0
2s 8c,36.0,5.6,58.4
2s 8s,40.8,4.4,54.8
2s 9h,32.6,6.4,61.0
2s 9d,37.4,4.2,58.4
2s 9c,36.8,5.4,57.8
2s 9s,39.2,4.0,56.8
2s Th,40.6,4.8,54.6
2s Td,41.6,4.4,54.0
2s Tc,36.2,5.2,58.6
2s Ts,41.6,5.0,53.4
2s Jh,40.6,5.4,54.0
2s Jd,41.0,5.0,54.0
2s Jc,43.8,5.0,51.2
2s Js,45.0,3.0,52.0
2s Qh,44.2,3.8,52.0
2s Qd,46.6,4.8,48.6
2s Qc,40.8,6.4,52.8
2s Qs,46.0,4.2,49.8
2s Kh,45.6,3.0,51.4
2s Kd,45.8,4.4,49.8
2s Kc,48.4,3.0,48.6
2s Ks,49.6,3.6,46.8
2s Ah,51.0,4.8,44.2
2s Ad,57.4,2.6,40.0
2s Ac,57.2,4.4,38.4
2s As,55.6,1.4,43.0
3h 3d,54.8,2.0,43.2
3h 3c,54.0,2.0,44.0
3h 3s,58.4,1.2,40.4
3h 4h,32.8,5.0,62.2
3h 4d,31.6,7.2,61.2
3h 4c,37.2,5.8,57.0
3h 4s,32.8,7.2,60.0
3h 5h,35.6,5.8,58.6
3h 5d,33.8,3.8,62.4
3h 5c,33.2,4.6,62.2
3h 5s,33.0,5.0,62.0
3h 6h,35.8,6.4,57.8
3h 6d,30.0,5.8,64.2
3h 6c,35.0,6.0,59.0
3h 6s,31.4,6.2,62.4
3h 7h,38.8,5.6,55.6
3h 7d,36.6,5.8,57.6
3h 7c,35.8,6.0,58.2
3h 7s,33.6,6.0,60.4
3h 8h,41.0,4.2,54.8
3h 8d,38.0,4.4,57.6
3h 8c,36.4,4.8,58.8
3h 8s,35.4,4.2,60.4
3h 9h,42.6,5.4,52.0
3h 9d,35.0,4.8,60.2
3h 9c,35.4,4.2,60.4
3h 9s,34.8,4.6,60.6
3h Th,44.6,6.4,49.0
3h Td,40.6,4.0,55.4
3h Tc,37.8,3.0,59.2
3h Ts,43.2,5.0,51.8
3h Jh,46.8,4.4,48.8
3h Jd,38.6,4.4,57.0
3h Jc,38.4,4.8,56.8
3h Js,40.2,3.2,56.6
3h Qh,47.0,4.4,48.6
3h Qd,45.2,3.0,51.8
3h Qc,46.8,4.8,48.4
3h Qs,43.0,4.0,53.0
3h Kh,52.4,5.0,42.6
3h Kd,51.8,5.0,43.2
3h Kc,51.0,4.4,44.6
3h Ks,51.2,3.2,45.6
3h Ah,58.2,3.4,38.4
3h Ad,51.6,4.6,43.8
3h Ac,54.8,4.6,40.6
3h As,54.6,4.4,41.0
3d 3c,50.8,2.2,47.0
3d 3s,52.2,1.6,46.2
3d 4h,32.2,6.4,61.4
3d 4d,37.6,7.2,55.2
3d 4c,33.0,8.2,58.8
3d 4s,32.6,6.0,61.4
3d 5h,28.8,6.2,65.0
3d 5d,30.8,7.2,62.0
3d 5c,32.8,5.0,62.2
3d 5s,33.2,7.8,59.0
3d 6h,34.6,4.8,60.6
3d 6d,36.0,6.2,57.8
3d 6c,35.0,6.6,58.4
3d 6s,32.2,6.0,61.8
3d 7h,34.4,6.6,59.0
3d 7d,35.8,5.0,59.2
3d 7c,34.8,4.8,60.4
3d 7s,32.2,5.2,62.6
3d 8h,37.8,3.8,58.4
3d 8d,38.0,5.6,56.4
3d 8c,32.4,4.6,63.0
3d 8s,37.6,4.8,57.6
3d 9h,39.6,5.2,55.2
3d 9d,42.8,3.2,54.0
3d 9c,37.0,5.0,58.0
3d 9s,38.0,5.6,56.4
3d Th,42.0,5.8,52.2
3d Td,44.0,4.0,52.0
3d Tc,38.0,4.8,57.2
3d Ts,36.8,5.0,58.2
3d Jh,42.8,5.0,52.2
3d Jd,43.6,5.0,51.4
3d Jc,37.6,4.2,58.2
3d Js,45.0,5.8,49.2
3d Qh,43.8,4.4,51.8
3d Qd,50.4,3.8,45.8
3d Qc,43.0,4.8,52.2
3d Qs,48.6,4.4,47.0
3d Kh,48.2,3.4,48.4
3d Kd,53.6,3.0,43.4
3d Kc,53.8,3.6,42.6
3d Ks,47.8,4.0,48.2
3d Ah,54.0,3.2,42.8
3d Ad,54.8,5.4,39.8
3d Ac,55.4,4.4,40.2
3d As,54.2,4.2,41.6
3c 3s,54.6,1.4,44.0
3c 4h,37.2,5.6,57.2
3c 4d,29.2,9.4,61.4
3c 4c,34.0,6.4,59.6
3c 4s,28.2,7.4,64.4
3c 5h,37.6,5.8,56.6
3c 5d,32.6,5.8,61.6
3c 5c,38.2,5.8,56.0
3c 5s,36.6,6.0,57.4
3c 6h,32.2,5.4,62.4
3c 6d,34.6,5.8,59.6
3c 6c,35.8,5.2,59.0
3c 6s,31.4,7.8,60.8
3c 7h,34.8,6.2,59.0
3c 7d,37.0,5.4,57.6
3c 7c,39.0,5.6,55.4
3c 7s,34.6,4.2,61.2
3c 8h,35.8,5.4,58.8
3c 8d,35.6,4.6,59.8
3c 8c,39.6,4.4,56.0
3c 8s,37.2,5.0,57.8
3c 9h,36.0,7.0,57.0
3c 9d,40.6,7.2,52.2
3c 9c,42.0,4.2,53.8
3c 9s,40.6,5.4,54.0
3c Th,38.6,5.4,56.0
3c Td,41.2,4.2,54.6
3c Tc,39.2,6.4,54.4
3c Ts,41.0,4.8,54.2
3c Jh,44.8,4.8,50.4
3c Jd,38.4,5.2,56.4
3c Jc,48.0,4.8,47.2
3c Js,44.6,3.6,51.8
3c Qh,47.8,4.2,48.0
3c Qd,43.4,4.0,52.6
3c Qc,45.8,4.4,49.8
3c Qs,45.0,4.8,50.2
3c Kh,54.2,3.0,42.8
3c Kd,51.6,3.4,45.0
3c Kc,49.4,1.6,49.0
3c Ks,48.6,4.2,47.2
3c Ah,55.8,4.4,39.8
3c Ad,52.4,4.4,43.2
3c Ac,56.4,4.0,39.6
3c As,59.2,2.6,38.2
3s 4h,31.2,5.6,63.2
3s 4d,36.6,6.0,57.4
3s 4c,29.6,5.6,64.8
3s 4s,35.8,6.6,57.6
3s 5h,35.6,5.8,58.6
3s 5d,30.8,5.0,64.2
3s 5c,33.2,7.6,59.2
3s 5s,40.2,5.2,54.6
3s 6h,33.2,7.4,59.4
3s 6d,33.0,3.6,63.4
3s 6c,34.0,4.4,61.6
3s 6s,37.6,4.6,57.8
3s 7h,35.2,6.6,58.2
3s 7d,37.6,7.0,55.4
3s 7c,33.0,7.2,59.8
3s 7s,35.6,6.0,58.4
3s 8h,37.2,5.4,57.4
3s 8d,35.6,6.4,58.0
3s 8c,34.4,5.0,60.6
3s 8s,35.0,6.4,58.6
3s 9h,37.4,6.4,56.2
3s 9d,34.8,5.0,60.2
3s 9c,33.8,3.8,62.4
3s 9s,42.2,4.4,53.4
3s Th,42.6,4.4,53.0
3s Td,37.4,6.0,56.6
3s Tc,38.0,5.0,57.0
3s Ts,40.6,4.8,54.6
3s Jh,42.4,4.4,53.2
3s Jd,42.8,5.0,52.2
3s Jc,46.2,4.2,49.6
3s Js,45.0,4.2,50.8
3s Qh,45.0,4.8,50.2
3s Qd,45.2,4.8,50.0
3s Qc,44.0,4.0,52.0
3s Qs,47.8,4.4,47.8
3s Kh,45.2,3.6,51.2
3s Kd,46.8,5.8,47.4
3s Kc,49.4,3.6,47.0
3s Ks,53.2,4.6,42.2
3s Ah,57.6,5.6,36.8
3s Ad,52.2,4.2,43.6
3s Ac,53.8,3.4,42.8
3s As,55.6,4.2,40.2
4h 4d,56.6,1.4,42.0
4h 4c,54.0,2.0,44.0
4h 4s,58.0,1.6,40.4
4h 5h,42.8,5.0,52.2
4h 5d,36.6,6.2,57.2
4h 5c,35.2,6.4,58.4
4h 5s,31.2,4.4,64.4
4h 6h,40.0,5.6,54.4
4h 6d,32.4,4.8,62.8
4h 6c,35.2,6.6,58.2
4h 6s,37.0,5.2,57.8
4h 7h,40.2,6.2,53.6
4h 7d,36.0,5.0,59.0
4h 7c,35.8,6.8,57.4
4h 7s,39.6,6.6,53.8
4h 8h,35.2,5.0,59.8
4h 8d,36.4,6.0,57.6
4h 8c,38.2,3.0,58.8
4h 8s,35.8,5.8,58.4
4h 9h,44.4,5.8,49.8
4h 9d,39.6,3.8,56.6
4h 9c,40.8,4.8,54.4
4h 9s,35.2,6.8,58.0
4h Th,44.4,4.8,50.8
4h Td,44.2,6.0,49.8
4h Tc,38.4,5.0,56.6
4h Ts,41.0,5.0,54.0
4h Jh,48.0,5.8,46.2
4h Jd,41.6,4.2,54.2
4h Jc,44.2,4.6,51.2
4h Js,42.6,3.8,53.6
4h Qh,49.4,4.2,46.4
4h Qd,42.4,6.0,51.6
4h Qc,50.6,4.2,45.2
4h Qs,43.8,6.4,49.8
4h Kh,54.6,3.6,41.8
4h Kd,48.6,3.6,47.8
4h Kc,49.0,3.6,47.4
4h Ks,49.6,3.8,46.6
4h Ah,55.8,2.8,41.4
4h Ad,52.2,3.8,44.0
4h Ac,52.6,3.4,44.0
4h As,56.0,4.6,39.4
4d 4c,58.6,1.6,39.8
4d 4s,57.4,0.8,41.8
4d 5h,34.4,7.0,58.6
4d 5d,36.6,7.2,56.2
4d 5c,35.6,5.2,59.2
4d 5s,33.8,8.6,57.6
4d 6h,36.8,6.2,57.0
4d 6d,39.2,5.4,55.4
4d 6c,35.0,4.0,61.0
4d 6s,36.6,3.8,59.6
4d 7h,33.4,5.8,60.8
4d 7d,39.8,5.6,54.6
4d 7c,37.2,6.8,56.0
4d 7s,34.2,4.8,61.0
4d 8h,37.0,4.6,58.4
4d 8d,41.8,4.6,53.6
4d 8c,36.2,6.2,57.6
4d 8s,35.4,4.6,60.0
4d 9h,41.6,4.2,54.2
4d 9d,40.0,6.0,54.0
4d 9c,37.2,4.0,58.8
4d 9s,40.6,7.0,52.4
4d Th,38.4,5.6,56.0
4d Td,46.4,5.4,48.2
4d Tc,44.6,6.2,49.2
4d Ts,42.8,5.0,52.2
4d Jh,47.2,4.6,48.2
4d Jd,44.0,4.4,51.6
4d Jc,42.2,4.4,53.4
4d Js,44.2,5.4,50.4
4d Qh,52.2,5.4,42.4
4d Qd,45.2,4.2,50.6
4d Qc,47.2,3.8,49.0
4d Qs,46.2,4.4,49.4
4d Kh,49.4,5.6,45.0
4d Kd,51.4,4.8,43.8
4d Kc,43.2,5.8,51.0
4d Ks,51.2,6.0,42.8
4d Ah,52.2,5.8,42.0
4d Ad,56.2,3.8,40.0
4d Ac,51.4,4.6,44.0
4d As,54.2,4.2,41.6
4c 4s,58.6,1.2,40.2
4c 5h,34.2,7.2,58.6
4c 5d,33.4,7.6,59.0
4c 5c,30.4,9.0,60.6
4c 5s,34.2,6.6,59.2
4c 6h,39.2,5.4,55.4
4c 6d,34.6,4.2,61.2
4c 6c,38.0,4.8,57.2
4c 6s,33.6,7.2,59.2
4c 7h,33.8,6.2,60.0
4c 7d,37.8,5.0,57.2
4c 7c,38.6,6.0,55.4
4c 7s,33.2,4.8,62.0
4c 8h,38.6,4.2,57.2
4c 8d,35.8,6.2,58.0
4c 8c,40.0,5.6,54.4
4c 8s,38.6,5.4,56.0
4c 9h,39.0,5.8,55.2
4c 9d,36.4,3.8,59.8
4c 9c,45.8,4.6,49.6
4c 9s,38.4,7.2,54.4
4c Th,38.8,5.2,56.0
4c Td,40.4,3.8,55.8
4c Tc,41.8,4.2,54.0
4c Ts,38.8,3.2,58.0
4c Jh,43.6,4.0,52.4
4c Jd,44.0,5.4,50.6
4c Jc,46.4,3.2,50.4
4c Js,47.4,3.2,49.4
4c Qh,47.2,5.8,47.0
4c Qd,48.8,4.0,47.2
4c Qc,49.4,2.2,48.4
4c Qs,48.4,3.8,47.8
4c Kh,51.8,5.0,43.2
4c Kd,48.8,3.6,47.6
4c Kc,51.8,2.2,46.0
4c Ks,48.0,6.4,45.6
4c Ah,54.2,2.6,43.2
4c Ad,51.2,4.2,44.6
4c Ac,57.0,3.2,39.8
4c As,55.2,4.2,40.6
4s 5h,36.2,8.2,55.6
4s 5d,40.8,6.0,53.2
4s 5c,31.2,6.2,62.6
4s 5s,38.6,5.2,56.2
4s 6h,32.0,8.4,59.6
4s 6d,37.8,7.6,54.6
4s 6c,35.2,5.2,59.6
4s 6s,41.4,4.6,54.0
4s 7h,40.0,5.8,54.2
4s 7d,37.8,6.4,55.8
4s 7c,34.6,7.0,58.4
4s 7s,38.4,3.4,58.2
4s 8h,37.2,6.2,56.6
4s 8d,33.2,5.8,61.0
4s 8c,33.2,7.0,59.8
4s 8s,40.0,5.4,54.6
4s 9h,34.4,5.2,60.4
4s 9d,37.6,5.2,57.2
4s 9c,34.0,4.6,61.4
4s 9s,42.6,3.8,53.6
4s Th,43.8,4.6,51.6
4s Td,38.0,4.0,58.0
4s Tc,40.8,4.6,54.6
4s Ts,50.0,4.6,45.4
4s Jh,42.4,5.0,52.6
4s Jd,42.4,5.6,52.0
4s Jc,43.6,5.8,50.6
4s Js,50.4,4.6,45.0
4s Qh,44.6,6.2,49.2
4s Qd,48.2,3.8,48.0
4s Qc,44.8,3.4,51.8
4s Qs,54.0,4.8,41.2
4s Kh,47.2,3.2,49.6
4s Kd,48.4,5.0,46.6
4s Kc,53.0,3.6,43.4
4s Ks,53.0,3.8,43.2
4s Ah,53.0,5.6,41.4
4s Ad,55.0,4.2,40.8
4s Ac,58.0,3.2,38.8
4s As,59.4,5.0,35.6
5h 5d,56.4,1.2,42.4
5h 5c,57.6,0.8,41.6
5h 5s,58.0,1.0,41.0
5h 6h,36.4,5.4,58.2
5h 6d,36.4,5.0,58.6
5h 6c,39.0,7.2,53.8
5h 6s,38.6,6.2,55.2
5h 7h,40.0,5.6,54.4
5h 7d,38.6,4.8,56.6
5h 7c,35.8,4.8,59.4
5h 7s,36.2,6.4,57.4
5h 8h,44.0,5.6,50.4
5h 8d,38.0,5.6,56.4
5h 8c,41.6,4.0,54.4
5h 8s,37.6,6.6,55.8
5h 9h,39.8,5.0,55.2
5h 9d,39.8,6.6,53.6
5h 9c,38.0,4.8,57.2
5h 9s,41.4,6.0,52.6
5h Th,42.4,4.2,53.4
5h Td,42.0,6.6,51.4
5h Tc,44.4,5.6,50.0
5h Ts,40.8,3.6,55.6
5h Jh,45.6,3.2,51.2
5h Jd,43.6,3.8,52.6
5h Jc,42.6,3.8,53.6
5h Js,45.4,4.4,50.2
5h Qh,47.6,4.4,48.0
5h Qd,46.4,4.8,48.8
5h Qc,48.2,4.6,47.2
5h Qs,47.2,4.2,48.6
5h Kh,54.8,3.6,41.6
5h Kd,51.6,6.2,42.2
5h Kc,52.0,2.8,45.2
5h Ks,51.2,4.0,44.8
5h Ah,57.0,4.6,38.4
5h Ad,52.6,5.0,42.4
5h Ac,51.8,5.2,43.0
5h As,57.4,4.4,38.2
5d 5c,58.4,1.6,40.0
5d 5s,61.6,0.6,37.8
5d 6h,35.4,7.0,57.6
5d 6d,40.0,4.8,55.2
5d 6c,36.6,6.6,56.8
5d 6s,36.8,7.6,55.6
5d 7h,36.2,6.2,57.6
5d 7d,39.0,6.6,54.4
5d 7c,34.4,5.8,59.8
5d 7s,38.4,5.8,55.8
5d 8h,38.6,4.0,57.4
5d 8d,43.2,5.4,51.4
5d 8c,41.4,5.0,53.6
5d 8s,41.6,4.8,53.6
5d 9h,40.2,4.4,55.4
5d 9d,45.6,5.6,48.8
5d 9c,40.0,4.0,56.0
5d 9s,40.2,4.4,55.4
5d Th,39.0,6.0,55.0
5d Td,47.0,5.4,47.6
5d Tc,43.2,6.6,50.2
5d Ts,42.6,5.8,51.6
5d Jh,42.4,4.4,53.2
5d Jd,47.0,4.2,48.8
5d Jc,45.2,4.0,50.8
5d Js,46.4,5.4,48.2
5d Qh,46.2,3.6,50.2
5d Qd,47.6,3.4,49.0
5d Qc,46.0,4.2,49.8
5d Qs,47.2,4.8,48.0
5d Kh,51.4,3.8,44.8
5d Kd,50.8,3.6,45.6
5d Kc,53.2,3.4,43.4
5d Ks,53.2,4.0,42.8
5d Ah,56.0,4.2,39.8
5d Ad,55.4,4.4,40.2
5d Ac,54.4,3.6,42.0
5d As,55.2,3.4,41.4
5c 5s,57.0,1.4,41.6
5c 6h,37.6,4.6,57.8
5c 6d,40.0,6.0,54.0
5c 6c,40.4,6.0,53.6
5c 6s,36.2,7.2,56.6
5c 7h,39.2,5.8,55.0
5c 7d,39.4,4.4,56.2
5c 7c,41.0,8.0,51.0
5c 7s,42.4,6.6,51.0
5c 8h,39.2,5.0,55.8
5c 8d,38.0,5.2,56.8
5c 8c,44.8,4.2,51.0
5c 8s,43.4,4.2,52.4
5c 9h,42.0,5.0,53.0
5c 9d,42.4,4.0,53.6
5c 9c,44.4,4.0,51.6
5c 9s,39.4,6.0,54.6
5c Th,43.8,5.8,50.4
5c Td,40.8,7.0,52.2
5c Tc,44.4,2.4,53.2
5c Ts,42.2,4.8,53.0
5c Jh,47.0,4.2,48.8
5c Jd,42.2,2.8,55.0
5c Jc,50.8,3.2,46.0
5c Js,45.0,4.4,50.6
5c Qh,48.0,5.2,46.8
5c Qd,51.6,4.4,44.0
5c Qc,51.8,4.8,43.4
5c Qs,51.2,4.4,44.4
5c Kh,54.2,4.8,41.0
5c Kd,51.0,4.6,44.4
5c Kc,52.0,3.4,44.6
5c Ks,48.8,5.4,45.8
5c Ah,55.0,5.0,40.0
5c Ad,52.4,3.8,43.8
5c Ac,56.2,5.4,38.4
5c As,52.6,3.6,43.8
5s 6h,36.6,4.8,58.6
5s 6d,36.4,6.0,57.6
5s 6c,37.8,4.8,57.4
5s 6s,42.0,4.4,53.6
5s 7h,40.8,5.8,53.4
5s 7d,39.2,5.4,55.4
5s 7c,35.8,5.4,58.8
5s 7s,39.4,6.8,53.8
5s 8h,37.6,6.4,56.0
5s 8d,42.0,5.8,52.2
5s 8c,34.6,4.2,61.2
5s 8s,36.0,4.6,59.4
5s 9h,43.8,5.6,50.6
5s 9d,38.6,4.4,57.0
5s 9c,41.0,4.8,54.2
5s 9s,43.6,5.4,51.0
5s Th,38.4,6.6,55.0
5s Td,44.6,4.6,50.8
5s Tc,43.0,3.6,53.4
5s Ts,45.4,3.2,51.4
5s Jh,43.0,5.2,51.8
5s Jd,47.8,3.6,48.6
5s Jc,48.2,4.8,47.0
5s Js,50.2,4.0,45.8
5s Qh,48.8,4.0,47.2
5s Qd,48.0,4.6,47.4
5s Qc,48.4,4.4,47.2
5s Qs,50.8,4.6,44.6
5s Kh,53.2,4.0,42.8
5s Kd,52.4,4.4,43.2
5s Kc,47.6,3.4,49.0
5s Ks,50.2,4.4,45.4
5s Ah,59.6,2.2,38.2
5s Ad,60.6,3.0,36.4
5s Ac,58.4,4.0,37.6
5s As,57.0,4.2,38.8
6h 6d,63.8,0.8,35.4
6h 6c,62.2,1.0,36.8
6h 6s,63.4,1.4,35.2
6h 7h,43.8,5.2,51.0
6h 7d,37.0,5.2,57.8
6h 7c,39.2,5.0,55.8
6h 7s,37.4,6.6,56.0
6h 8h,45.4,6.0,48.6
6h 8d,41.2,6.2,52.6
6h 8c,41.6,4.8,53.6
6h 8s,41.0,3.2,55.8
6h 9h,47.4,4.4,48.2
6h 9d,42.8,4.8,52.4
6h 9c,45.2,4.6,50.2
6h 9s,38.0,6.6,55.4
6h Th,47.4,4.8,47.8
6h Td,47.0,3.2,49.8
6h Tc,44.8,4.2,51.0
6h Ts,39.2,6.2,54.6
6h Jh,47.2,3.2,49.6
6h Jd,45.8,5.4,48.8
6h Jc,43.6,4.4,52.0
6h Js,44.2,3.6,52.2
6h Qh,47.4,2.0,50.6
6h Qd,52.6,3.8,43.6
6h Qc,51.4,4.0,44.6
6h Qs,50.4,3.0,46.6
6h Kh,56.4,2.8,40.8
6h Kd,52.0,4.0,44.0
6h Kc,52.6,3.0,44.4
6h Ks,51.8,5.0,43.2
6h Ah,56.8,4.0,39.2
6h Ad,58.0,3.0,39.0
6h Ac,54.8,3.0,42.2
6h As,54.6,4.2,41.2
6d 6c,62.6,1.4,36.0
6d 6s,64.8,1.0,34.2
6d 7h,36.0,5.2,58.8
6d 7d,38.4,5.2,56.4
6d 7c,37.8,6.0,56.2
6d 7s,42.6,3.2,54.2
6d 8h,41.6,3.4,55.0
6d 8d,43.8,4.4,51.8
6d 8c,38.0,6.6,55.4
6d 8s,41.4,5.0,53.6
6d 9h,42.2,4.4,53.4
6d 9d,43.8,5.2,51.0
6d 9c,42.8,4.8,52.4
6d 9s,43.8,4.6,51.6
6d Th,44.8,4.2,51.0
6d Td,46.6,3.2,50.2
6d Tc,39.8,3.2,57.0
6d Ts,45.4,3.8,50.8
6d Jh,47.8,4.0,48.2
6d Jd,47.4,5.0,47.6
6d Jc,44.2,6.0,49.8
6d Js,44.8,5.0,50.2
6d Qh,50.4,3.4,46.2
6d Qd,53.2,3.8,43.0
6d Qc,46.8,3.0,50.2
6d Qs,50.0,3.4,46.6
6d Kh,52.8,4.4,42.8
6d Kd,53.4,4.8,41.8
6d Kc,57.6,3.6,38.8
6d Ks,51.8,4.8,43.4
6d Ah,51.4,4.0,44.6
6d Ad,55.2,4.4,40.4
6d Ac,56.2,3.2,40.6
6d As,57.6,2.2,40.2
6c 6s,61.4,1.4,37.2
6c 7h,37.4,5.2,57.4
6c 7d,40.6,4.6,54.8
6c 7c,41.8,6.4,51.8
6c 7s,39.4,4.8,55.8
6c 8h,42.0,6.8,51.2
6c 8d,43.2,2.6,54.2
6c 8c,43.6,4.2,52.2
6c 8s,41.0,3.2,55.8
6c 9h,47.6,3.4,49.0
6c 9d,41.0,4.0,55.0
6c 9c,45.2,4.2,50.6
6c 9s,44.8,4.4,50.8
6c Th,41.8,3.0,55.2
6c Td,44.0,4.0,52.0
6c Tc,49.2,4.0,46.8
6c Ts,40.2,4.4,55.4
6c Jh,41.0,4.6,54.4
6c Jd,47.2,3.6,49.2
6c Jc,48.0,3.4,48.6
6c Js,47.2,5.0,47.8
6c Qh,44.8,5.4,49.8
6c Qd,52.8,2.6,44.6
6c Qc,50.4,5.0,44.6
6c Qs,50.2,2.6,47.2
6c Kh,52.4,2.8,44.8
6c Kd,49.6,3.6,46.8
6c Kc,54.8,3.6,41.6
6c Ks,51.0,3.8,45.2
6c Ah,56.4,5.0,38.6
6c Ad,58.6,3.2,38.2
6c Ac,58.4,3.8,37.8
6c As,53.2,5.2,41.6
6s 7h,40.6,5.0,54.4
6s 7d,42.0,4.0,54.0
6s 7c,41.0,4.6,54.4
6s 7s,43.0,4.6,52.4
6s 8h,43.6,5.8,50.6
6s 8d,40.4,3.0,56.6
6s 8c,39.6,4.8,55.6
6s 8s,45.6,4.8,49.6
6s 9h,45.0,5.2,49.8
6s 9d,41.2,5.0,53.8
6s 9c,38.4,6.0,55.6
6s 9s,45.6,5.6,48.8
6s Th,41.2,5.0,53.8
6s Td,46.4,3.4,50.2
6s Tc,47.4,3.8,48.8
6s Ts,42.8,3.6,53.6
6s Jh,40.4,4.0,55.6
6s Jd,45.2,4.0,50.8
6s Jc,46.0,4.4,49.6
6s Js,45.0,4.6,50.4
6s Qh,48.6,4.2,47.2
6s Qd,45.8,5.0,49.2
6s Qc,49.4,3.4,47.2
6s Qs,49.8,4.4,45.8
6s Kh,51.0,3.4,45.6
6s Kd,54.6,4.4,41.0
6s Kc,50.0,4.0,46.0
6s Ks,56.8,3.4,39.8
6s Ah,59.2,4.2,36.6
6s Ad,54.6,4.4,41.0
6s Ac,54.8,3.4,41.8
6s As,62.2,2.6,35.2
7h 7d,67.4,0.6,32.0
7h 7c,66.6,0.6,32.8
7h 7s,64.0,1.6,34.4
7h 8h,48.2,4.0,47.8
7h 8d,41.6,5.4,53.0
7h 8c,39.4,6.4,54.2
7h 8s,44.8,4.0,51.2
7h 9h,49.4,4.6,46.0
7h 9d,44.2,3.8,52.0
7h 9c,42.6,4.4,53.0
7h 9s,42.0,5.4,52.6
7h Th,48.8,3.6,47.6
7h Td,45.2,4.6,50.2
7h Tc,46.6,4.4,49.0
7h Ts,50.6,3.8,45.6
7h Jh,50.0,3.6,46.4
7h Jd,45.4,3.2,51.4
7h Jc,48.0,3.4,48.6
7h Js,47.6,4.4,48.0
7h Qh,52.4,3.4,44.2
7h Qd,47.2,4.6,48.2
7h Qc,48.8,5.2,46.0
7h Qs,53.0,3.2,43.8
7h Kh,54.4,3.0,42.6
7h Kd,53.6,3.2,43.2
7h Kc,55.0,4.8,40.2
7h Ks,53.2,5.4,41.4
7h Ah,58.4,4.0,37.6
7h Ad,60.0,2.0,38.0
7h Ac,58.0,3.4,38.6
7h As,57.0,2.8,40.2
7d 7c,64.2,0.8,35.0
7d 7s,64.4,0.4,35.2
7d 8h,42.8,4.0,53.2
7d 8d,41.8,4.2,54.0
7d 8c,42.2,4.0,53.8
7d 8s,42.0,5.6,52.4
7d 9h,40.8,4.2,55.0
7d 9d,45.4,5.0,49.6
7d 9c,45.6,4.4,50.0
7d 9s,43.8,5.2,51.0
7d Th,45.4,4.6,50.0
7d Td,49.6,3.8,46.6
7d Tc,45.6,4.2,50.2
7d Ts,44.2,3.8,52.0
7d Jh,49.2,4.0,46.8
7d Jd,51.0,4.4,44.6
7d Jc,50.2,3.0,46.8
7d Js,50.2,3.4,46.4
7d Qh,47.0,3.4,49.6
7d Qd,54.2,3.8,42.0
7d Qc,47.8,5.0,47.2
7d Qs,50.6,3.0,46.4
7d Kh,53.8,3.4,42.8
7d Kd,56.4,2.4,41.2
7d Kc,57.2,2.8,40.0
7d Ks,57.2,3.0,39.8
7d Ah,59.6,2.0,38.4
7d Ad,56.0,3.0,41.0
7d Ac,57.2,3.2,39.6
7d As,59.0,2.6,38.4
7c 7s,65.4,0.0,34.6
7c 8h,41.2,4.2,54.6
7c 8d,40.6,5.2,54.2
7c 8c,44.4,4.2,51.4
7c 8s,43.2,5.6,51.2
7c 9h,41.6,5.4,53.0
7c 9d,44.2,4.8,51.0
7c 9c,51.6,4.0,44.4
7c 9s,42.2,4.6,53.2
7c Th,45.0,4.0,51.0
7c Td,49.0,4.2,46.8
7c Tc,47.4,4.0,48.6
7c Ts,45.0,2.6,52.4
7c Jh,46.4,2.6,51.0
7c Jd,44.0,3.2,52.8
7c Jc,49.6,5.4,45.0
7c Js,48.0,4.8,47.2
7c Qh,47.0,4.6,48.4
7c Qd,45.0,2.6,52.4
7c Qc,49.4,3.4,47.2
7c Qs,49.6,4.4,46.0
7c Kh,52.2,3.4,44.4
7c Kd,55.2,3.2,41.6
7c Kc,54.4,3.4,42.2
7c Ks,53.4,4.0,42.6
7c Ah,55.8,4.2,40.0
7c Ad,51.2,3.6,45.2
7c Ac,59.0,2.2,38.8
7c As,57.0,3.0,40.0
7s 8h,43.8,5.6,50.6
7s 8d,44.8,5.4,49.8
7s 8c,46.2,4.2,49.6
7s 8s,47.0,3.2,49.8
7s 9h,42.2,3.6,54.2
7s 9d,44.6,3.2,52.2
7s 9c,43.8,4.0,52.2
7s 9s,45.2,4.6,50.2
7s Th,45.8,3.0,51.2
7s Td,45.6,2.8,51.6
7s Tc,49.0,4.0,47.0
7s Ts,48.0,4.2,47.8
7s Jh,45.0,4.4,50.6
7s Jd,48.0,3.2,48.8
7s Jc,48.8,3.4,47.8
7s Js,55.4,3.0,41.6
7s Qh,48.0,3.8,48.2
7s Qd,52.2,3.4,44.4
7s Qc,50.6,3.8,45.6
7s Qs,56.2,4.0,39.8
7s Kh,53.6,5.2,41.2
7s Kd,55.6,4.0,40.4
7s Kc,52.6,5.2,42.2
7s Ks,57.4,2.8,39.8
7s Ah,58.0,1.6,40.4
7s Ad,60.8,3.4,35.8
7s Ac,55.8,4.8,39.4
7s As,61.0,2.8,36.2
8h 8d,63.6,1.0,35.4
8h 8c,68.6,1.2,30.2
8h 8s,67.2,0.6,32.2
8h 9h,47.0,3.4,49.6
8h 9d,42.6,3.6,53.8
8h 9c,44.8,6.4,48.8
8h 9s,47.4,3.8,48.8
8h Th,45.6,3.6,50.8
8h Td,49.4,4.6,46.0
8h Tc,50.4,3.4,46.2
8h Ts,50.8,3.8,45.4
8h Jh,53.6,3.2,43.2
8h Jd,49.4,3.8,46.8
8h Jc,49.2,4.6,46.2
8h Js,49.2,4.0,46.8
8h Qh,52.0,3.0,45.0
8h Qd,52.2,2.6,45.2
8h Qc,53.4,3.4,43.2
8h Qs,48.0,4.6,47.4
8h Kh,56.0,2.8,41.2
8h Kd,56.0,2.2,41.8
8h Kc,51.4,3.8,44.8
8h Ks,50.8,5.0,44.2
8h Ah,62.2,1.8,36.0
8h Ad,59.2,3.4,37.4
8h Ac,57.6,3.6,38.8
8h As,56.0,2.4,41.6
8d 8c,66.6,1.0,32.4
8d 8s,66.2,1.0,32.8
8d 9h,48.0,5.6,46.4
8d 9d,51.2,3.4,45.4
8d 9c,48.2,3.4,48.4
8d 9s,45.2,3.2,51.6
8d Th,46.6,4.4,49.0
8d Td,48.6,3.8,47.6
8d Tc,46.6,3.2,50.2
8d Ts,50.0,4.0,46.0
8d Jh,50.8,4.2,45.0
8d Jd,53.4,3.8,42.8
8d Jc,52.8,3.4,43.8
8d Js,50.2,5.0,44.8
8d Qh,56.6,4.2,39.2
8d Qd,53.4,2.6,44.0
8d Qc,51.0,4.0,45.0
8d Qs,53.2,5.2,41.6
8d Kh,50.8,3.2,46.0
8d Kd,53.0,2.8,44.2
8d Kc,54.6,3.0,42.4
8d Ks,54.0,3.2,42.8
8d Ah,57.4,2.4,40.2
8d Ad,58.2,3.4,38.4
8d Ac,59.8,2.0,38.2
8d As,58.2,2.0,39.8
8c 8s,70.8,0.8,28.4
8c 9h,40.6,4.0,55.4
8c 9d,47.2,4.0,48.8
8c 9c,49.2,3.8,47.0
8c 9s,46.2,4.4,49.4
8c Th,49.6,3.2,47.2
8c Td,49.8,3.6,46.6
8c Tc,49.0,6.6,44.4
8c Ts,45.2,2.8,52.0
8c Jh,45.6,3.2,51.2
8c Jd,48.6,2.4,49.0
8c Jc,54.6,2.8,42.6
8c Js,53.4,3.4,43.2
8c Qh,51.4,1.8,46.8
8c Qd,55.8,2.4,41.8
8c Qc,53.8,3.6,42.6
8c Qs,53.6,3.8,42.6
8c Kh,57.4,2.8,39.8
8c Kd,52.4,2.0,45.6
8c Kc,58.6,2.2,39.2
8c Ks,53.2,3.4,43.4
8c Ah,56.6,3.0,40.4
8c Ad,58.6,3.2,38.2
8c Ac,60.8,3.0,36.2
8c As,61.8,2.4,35.8
8s 9h,47.6,2.8,49.6
8s 9d,48.0,4.2,47.8
8s 9c,41.8,3.8,54.4
8s 9s,50.2,3.4,46.4
8s Th,53.0,2.8,44.2
8s Td,47.8,3.4,48.8
8s Tc,48.4,4.0,47.6
8s Ts,50.2,4.0,45.8
8s Jh,51.8,4.2,44.0
8s Jd,50.8,3.0,46.2
8s Jc,50.8,5.0,44.2
8s Js,53.2,2.0,44.8
8s Qh,51.0,3.2,45.8
8s Qd,53.0,2.8,44.2
8s Qc,52.2,3.8,44.0
8s Qs,52.6,3.2,44.2
8s Kh,51.8,2.4,45.8
8s Kd,56.4,2.4,41.2
8s Kc,56.4,3.2,40.4
8s Ks,53.6,4.2,42.2
8s Ah,57.8,2.6,39.6
8s Ad,58.2,4.6,37.2
8s Ac,61.2,3.4,35.4
8s As,60.2,3.2,36.6
9h 9d,71.4,0.0,28.6
9h 9c,71.6,0.6,27.8
9h 9s,68.8,1.2,30.0
9h Th,51.8,3.2,45.0
9h Td,52.2,2.8,45.0
9h Tc,50.8,2.4,46.8
9h Ts,48.6,4.2,47.2
9h Jh,52.4,3.6,44.0
9h Jd,52.2,3.4,44.4
9h Jc,50.2,3.6,46.2
9h Js,51.4,2.8,45.8
9h Qh,55.0,2.8,42.2
9h Qd,54.8,4.0,41.2
9h Qc,53.6,3.6,42.8
9h Qs,52.6,3.2,44.2
9h Kh,58.8,4.0,37.2
9h Kd,56.6,3.8,39.6
9h Kc,57.8,3.8,38.4
9h Ks,55.8,1.8,42.4
9h Ah,58.0,3.2,38.8
9h Ad,63.6,1.8,34.6
9h Ac,62.6,2.2,35.2
9h As,61.4,3.2,35.4
9d 9c,70.6,0.8,28.6
9d 9s,72.8,1.0,26.2
9d Th,48.8,3.6,47.6
9d Td,51.0,4.2,44.8
9d Tc,48.8,2.8,48.4
9d Ts,49.2,3.6,47.2
9d Jh,48.2,5.0,46.8
9d Jd,52.2,3.8,44.0
9d Jc,51.4,3.4,45.2
9d Js,50.4,3.4,46.2
9d Qh,48.2,2.6,49.2
9d Qd,56.2,1.6,42.2
9d Qc,52.8,2.6,44.6
9d Qs,52.8,3.4,43.8
9d Kh,52.8,2.6,44.6
9d Kd,57.4,2.0,40.6
9d Kc,59.2,3.2,37.6
9d Ks,58.8,3.8,37.4
9d Ah,60.2,2.8,37.0
9d Ad,61.0,2.4,36.6
9d Ac,60.4,1.4,38.2
9d As,58.2,1.6,40.2
9c 9s,71.2,1.0,27.8
9c Th,53.2,3.4,43.4
9c Td,52.0,3.0,45.0
9c Tc,51.6,4.0,44.4
9c Ts,47.8,3.0,49.2
9c Jh,55.8,2.6,41.6
9c Jd,51.8,3.2,45.0
9c Jc,53.4,3.4,43.2
9c Js,48.2,3.0,48.8
9c Qh,49.8,3.6,46.6
9c Qd,52.0,2.4,45.6
9c Qc,56.4,2.0,41.6
9c Qs,52.8,1.2,46.0
9c Kh,59.6,3.4,37.0
9c Kd,57.6,2.4,40.0
9c Kc,55.6,2.2,42.2
9c Ks,58.6,3.0,38.4
9c Ah,61.8,3.2,35.0
9c Ad,59.8,2.2,38.0
9c Ac,61.4,2.0,36.6
9c As,57.2,3.6,39.2
9s Th,50.4,4.2,45.4
9s Td,48.2,2.8,49.0
9s Tc,48.0,4.8,47.2
9s Ts,56.2,1.4,42.4
9s Jh,53.8,2.0,44.2
9s Jd,52.0,2.4,45.6
9s Jc,52.6,3.8,43.6
9s Js,54.6,3.8,41.6
9s Qh,52.4,2.6,45.0
9s Qd,54.4,3.6,42.0
9s Qc,53.4,3.4,43.2
9s Qs,57.2,2.0,40.8
9s Kh,58.6,2.4,39.0
9s Kd,53.4,2.2,44.4
9s Kc,54.0,2.4,43.6
9s Ks,61.8,2.2,36.0
9s Ah,57.6,3.2,39.2
9s Ad,62.6,2.6,34.8
9s Ac,58.6,2.4,39.0
9s As,62.8,2.6,34.6
Th Td,77.0,0.4,22.6
Th Tc,76.4,1.6,22.0
Th Ts,74.4,0.4,25.2
Th Jh,57.8,2.8,39.4
Th Jd,55.2,3.4,41.4
Th Jc,54.8,2.8,42.4
Th Js,51.8,2.6,45.6
Th Qh,54.8,3.0,42.2
Th Qd,61.4,2.2,36.4
Th Qc,55.0,4.0,41.0
Th Qs,55.8,2.2,42.0
Th Kh,58.0,2.8,39.2
Th Kd,59.4,3.0,37.6
Th Kc,56.2,1.6,42.2
Th Ks,58.6,3.4,38.0
Th Ah,64.0,2.0,34.0
Th Ad,59.8,3.4,36.8
Th Ac,64.4,1.8,33.8
Th As,63.4,3.0,33.6
Td Tc,73.2,0.8,26.0
Td Ts,77.2,0.8,22.0
Td Jh,53.2,2.4,44.4
Td Jd,57.2,2.2,40.6
Td Jc,53.4,2.8,43.8
Td Js,54.6,2.6,42.8
Td Qh,52.6,2.4,45.0
Td Qd,59.4,3.2,37.4
Td Qc,54.0,4.0,42.0
Td Qs,57.0,2.2,40.8
Td Kh,59.6,1.8,38.6
Td Kd,61.2,1.4,37.4
Td Kc,57.6,3.8,38.6
Td Ks,57.0,3.0,40.0
Td Ah,60.6,3.4,36.0
Td Ad,65.0,1.6,33.4
Td Ac,59.4,2.0,38.6
Td As,60.6,2.0,37.4
Tc Ts,77.8,0.6,21.6
Tc Jh,54.6,3.2,42.2
Tc Jd,58.8,3.8,37.4
Tc Jc,54.6,2.4,43.0
Tc Js,50.4,2.6,47.0
Tc Qh,57.4,1.8,40.8
Tc Qd,55.4,2.8,41.8
Tc Qc,57.8,2.4,39.8
Tc Qs,55.4,3.8,40.8
Tc Kh,57.8,2.0,40.2
Tc Kd,60.8,4.6,34.6
Tc Kc,62.4,2.4,35.2
Tc Ks,60.8,1.4,37.8
Tc Ah,60.4,1.6,38.0
Tc Ad,59.6,2.4,38.0
Tc Ac,62.2,2.2,35.6
Tc As,63.6,2.8,33.6
Ts Jh,48.2,3.2,48.6
Ts Jd,52.0,1.6,46.4
Ts Jc,53.6,2.8,43.6
Ts Js,57.6,1.8,40.6
Ts Qh,56.0,3.0,41.0
Ts Qd,59.4,1.6,39.0
Ts Qc,56.2,2.4,41.4
Ts Qs,57.8,2.0,40.2
Ts Kh,60.8,2.0,37.2
Ts Kd,59.2,3.2,37.6
Ts Kc,59.8,1.8,38.4
Ts Ks,62.6,1.8,35.6
Ts Ah,62.2,2.4,35.4
Ts Ad,64.4,2.0,33.6
Ts Ac,62.2,2.0,35.8
Ts As,65.2,2.8,32.0
Jh Jd,74.6,0.4,25.0
Jh Jc,80.8,0.0,19.2
Jh Js,77.6,1.0,21.4
Jh Qh,60.0,2.6,37.4
Jh Qd,60.6,2.0,37.4
Jh Qc,56.6,3.2,40.2
Jh Qs,54.2,3.8,42.0
Jh Kh,61.2,1.4,37.4
Jh Kd,61.0,2.0,37.0
Jh Kc,55.2,2.6,42.2
Jh Ks,58.4,1.8,39.8
Jh Ah,62.6,1.0,36.4
Jh Ad,59.8,3.2,37.0
Jh Ac,62.8,2.0,35.2
Jh As,60.2,1.8,38.0
Jd Jc,80.0,0.8,19.2
Jd Js,77.4,0.6,22.0
Jd Qh,56.0,1.8,42.2
Jd Qd,57.4,2.2,40.4
Jd Qc,55.8,1.6,42.6
Jd Qs,57.4,2.8,39.8
Jd Kh,60.0,1.8,38.2
Jd Kd,61.0,1.6,37.4
Jd Kc,61.0,2.6,36.4
Jd Ks,55.6,1.8,42.6
Jd Ah,63.8,1.6,34.6
Jd Ad,63.0,1.6,35.4
Jd Ac,60.2,2.6,37.2
Jd As,66.2,1.8,32.0
Jc Js,77.6,0.2,22.2
Jc Qh,60.2,1.2,38.6
Jc Qd,59.6,2.6,37.8
Jc Qc,61.6,1.6,36.8
Jc Qs,60.4,3.4,36.2
Jc Kh,60.0,2.8,37.2
Jc Kd,57.4,2.2,40.4
Jc Kc,62.6,1.2,36.2
Jc Ks,59.4,2.0,38.6
Jc Ah,64.6,2.0,33.4
Jc Ad,60.4,2.4,37.2
Jc Ac,64.4,1.4,34.2
Jc As,66.4,2.6,31.0
Js Qh,56.2,2.0,41.8
Js Qd,56.0,3.8,40.2
Js Qc,57.8,1.2,41.0
Js Qs,59.8,2.8,37.4
Js Kh,59.6,1.8,38.6
Js Kd,58.2,1.6,40.2
Js Kc,56.0,1.2,42.8
Js Ks,59.0,2.6,38.4
Js Ah,66.8,1.4,31.8
Js Ad,62.4,2.8,34.8
Js Ac,59.0,0.8,40.2
Js As,61.8,2.2,36.0
Qh Qd,81.0,0.2,18.8
Qh Qc,80.6,0.8,18.6
Qh Qs,78.6,0.6,20.8
Qh Kh,62.0,1.6,36.4
Qh Kd,60.6,1.4,38.0
Qh Kc,56.8,2.2,41.0
Qh Ks,63.6,1.8,34.6
Qh Ah,64.2,2.0,33.8
Qh Ad,61.8,1.0,37.2
Qh Ac,64.8,1.0,34.2
Qh As,60.6,2.4,37.0
Qd Qc,77.4,0.8,21.8
Qd Qs,79.8,0.2,20.0
Qd Kh,58.2,2.0,39.8
Qd Kd,62.4,2.0,35.6
Qd Kc,58.6,2.0,39.4
Qd Ks,59.8,2.2,38.0
Qd Ah,63.8,2.2,34.0
Qd Ad,64.4,2.6,33.0
Qd Ac,63.8,2.2,34.0
Qd As,59.2,1.2,39.6
Qc Qs,79.0,0.6,20.4
Qc Kh,60.2,2.2,37.6
Qc Kd,64.2,1.2,34.6
Qc Kc,64.8,2.8,32.4
Qc Ks,58.4,2.0,39.6
Qc Ah,63.4,1.6,35.0
Qc Ad,63.4,1.4,35.2
Qc Ac,63.8,1.4,34.8
Qc As,66.0,1.8,32.2
Qs Kh,59.0,1.6,39.4
Qs Kd,59.2,2.2,38.6
Qs Kc,62.0,0.8,37.2
Qs Ks,59.8,1.6,38.6
Qs Ah,63.2,2.8,34.0
Qs Ad,63.4,2.8,33.8
Qs Ac,61.6,1.8,36.6
Qs As,67.0,1.6,31.4
Kh Kd,84.8,0.6,14.6
Kh Kc,80.4,0.6,19.0
Kh Ks,82.0,0.4,17.6
Kh Ah,64.6,0.6,34.8
Kh Ad,65.4,1.8,32.8
Kh Ac,64.6,0.8,34.6
Kh As,64.6,1.2,34.2
Kd Kc,84.8,0.8,14.4
Kd Ks,81.8,0.4,17.8
Kd Ah,63.6,1.2,35.2
Kd Ad,59.4,1.4,39.2
Kd Ac,64.8,2.2,33.0
Kd As,64.6,2.4,33.0
Kc Ks,82.4,0.4,17.2
Kc Ah,65.0,2.2,32.8
Kc Ad,64.4,2.0,33.6
Kc Ac,66.0,2.4,31.6
Kc As,64.8,1.8,33.4
Ks Ah,65.2,1.0,33.8
Ks Ad,65.0,1.2,33.8
Ks Ac,62.6,2.4,35.0
Ks As,65.2,1.6,33.2
Ah Ad,87.4,0.0,12.6
Ah Ac,87.2,0.6,12.2
Ah As,86.4,0.4,13.2
Ad Ac,84.2,0.4,15.4
Ad As,84.8,0.6,14.6
Ac As,84.2,1.0,14.8
